264×10 DataFrame
 Row │ Nome                      n        nnz        metodo  it       normg        normg_c      xnorm        st   tempo
     │ Any                       Any      Any        Any     Any      Any          Any          Any          Any  Any
─────┼────────────────────────────────────────────────────────────────────────────────────────────────────────────────────────
   1 │ Oberwolfach/t3dl_e        20360    20360      cg      340      1.51684e-15  1.51684e-15  9.90062e-8   0    0.0259852
   2 │ Oberwolfach/t3dl_e        20360    20360      cr      354      7.18246e-17  7.18246e-17  7.48108e-8   0    0.0290131
   3 │ Oberwolfach/t3dl_e        20360    20360      dwgm    357      3.22129e-17  2.84187e-16  8.97923e-8   0    0.0341979
   4 │ GHS_psdef/wathen100       30401    471601     cg      152005   0.000214967  0.000214967  0.000556179  1    35.3311
   5 │ GHS_psdef/wathen100       30401    471601     cr      152005   9.05198e-9   9.04606e-9   8.44886e-6   1    36.4485
   6 │ GHS_psdef/wathen100       30401    471601     dwgm    152005   0.00322456   43.6665      0.32433      1    40.8079
   7 │ GHS_psdef/wathen120       36441    565761     cg      164574   5.40053e-8   5.40077e-8   9.88701e-8   0    46.0233
   8 │ GHS_psdef/wathen120       36441    565761     cr      173856   2.86807e-10  2.50083e-10  9.99912e-8   0    50.0757
   9 │ GHS_psdef/wathen120       36441    565761     dwgm    182205   0.000999688  26.5877      0.302642     1    59.0124
  10 │ GHS_psdef/jnlbrng1        40000    199200     cg      80       5.56139e-8   5.56139e-8   9.51065e-8   0    0.0163587
  11 │ GHS_psdef/jnlbrng1        40000    199200     cr      82       2.95571e-8   2.95571e-8   9.56894e-8   0    0.0177505
  12 │ GHS_psdef/jnlbrng1        40000    199200     dwgm    82       2.95571e-8   6.38259e-7   9.56894e-8   0    0.0207641
  13 │ GHS_psdef/minsurfo        40806    203622     cg      81       4.83907e-8   4.83907e-8   6.89749e-8   0    0.0169157
  14 │ GHS_psdef/minsurfo        40806    203622     cr      81       2.81985e-8   2.81985e-8   9.80982e-8   0    0.0179171
  15 │ GHS_psdef/minsurfo        40806    203622     dwgm    81       2.81985e-8   6.6066e-7    9.80982e-8   0    0.0209715
  16 │ Boeing/bcsstm39           46772    46772      cg      415      2.91166e-8   2.91166e-8   9.32559e-8   0    0.0768992
  17 │ Boeing/bcsstm39           46772    46772      cr      437      1.07209e-9   1.07209e-9   9.59863e-8   0    0.0870119
  18 │ Boeing/bcsstm39           46772    46772      dwgm    439      1.07363e-9   6.69246e-9   9.66265e-8   0    0.107672
  19 │ GHS_psdef/gridgena        48962    512084     cg      2308     6.84284e-8   6.84377e-8   1.62717e-10  0    0.741057
  20 │ GHS_psdef/gridgena        48962    512084     cr      2309     9.59125e-8   9.59571e-8   1.20432e-9   0    0.779159
  21 │ GHS_psdef/gridgena        48962    512084     dwgm    2502     9.89423e-8   0.00242588   5.04693e-9   0    0.967973
  22 │ GHS_psdef/cvxbqp1         50000    349968     cg      10824    9.81324e-8   1.00117e-7   8.55753e-9   0    3.0212
  23 │ GHS_psdef/cvxbqp1         50000    349968     cr      9427     2.60549e-8   2.61352e-8   9.99593e-8   0    2.77665
  24 │ GHS_psdef/cvxbqp1         50000    349968     dwgm    9433     2.61348e-8   0.000120401  9.99796e-8   0    3.24251
  25 │ GHS_psdef/crankseg_1      52804    10614210   cg      5004     7.24601e-8   6.86646e-5   4.20664e-13  0    18.6193
  26 │ GHS_psdef/crankseg_1      52804    10614210   cr      4796     9.9703e-8    7.62939e-6   3.81384e-12  0    17.9046
  27 │ GHS_psdef/crankseg_1      52804    10614210   dwgm    5135     9.78825e-8   0.241493     1.27778e-10  0    19.6145
  28 │ Nasa/nasasrb              54870    2677324    cg      65461    9.85941e-8   3.60012e-5   4.30625e-10  0    61.7081
  29 │ Nasa/nasasrb              54870    2677324    cr      61208    9.97665e-8   0.000103846  6.23457e-10  0    58.3232
  30 │ Nasa/nasasrb              54870    2677324    dwgm    62257    9.99464e-8   6.72446      1.5965e-9    0    64.049
  31 │ Williams/cant             62451    4007383    cg      312255   NaN          NaN          NaN          1    428.898
  32 │ Williams/cant             62451    4007383    cr      312255   NaN          NaN          NaN          1    430.377
  33 │ Williams/cant             62451    4007383    dwgm    312255   NaN          NaN          NaN          1    471.097
  34 │ GHS_psdef/crankseg_2      63838    14148858   cg      6830     9.60123e-8   0.000213623  2.01039e-12  0    33.8777
  35 │ GHS_psdef/crankseg_2      63838    14148858   cr      6515     9.98589e-8   4.57764e-5   1.00802e-11  0    32.2772
  36 │ GHS_psdef/crankseg_2      63838    14148858   dwgm    7135     9.96996e-8   0.371235     9.54661e-11  0    35.9409
  37 │ UTEP/Dubcova2             65025    1030225    cg      79084    7.02284e-9   7.02281e-9   8.43537e-8   0    43.9105
  38 │ UTEP/Dubcova2             65025    1030225    cr      95535    7.88954e-12  9.2355e-12   9.99926e-8   0    53.5091
  39 │ UTEP/Dubcova2             65025    1030225    dwgm    325125   2.56421e-5   2.37567      0.236962     1    208.196
  40 │ Cunningham/qa8fm          66127    1660579    cg      69       2.06962e-12  2.06962e-12  9.4944e-8    0    0.049416
  41 │ Cunningham/qa8fm          66127    1660579    cr      71       1.59956e-12  1.59956e-12  8.32341e-8   0    0.0521798
  42 │ Cunningham/qa8fm          66127    1660579    dwgm    71       1.59956e-12  2.60686e-11  8.32341e-8   0    0.0578243
  43 │ Rothberg/cfd1             70656    1825580    cg      1782     2.22947e-9   2.22947e-9   9.98118e-8   0    1.5339
  44 │ Rothberg/cfd1             70656    1825580    cr      1808     9.77363e-11  9.77393e-11  9.92092e-8   0    1.60966
  45 │ Rothberg/cfd1             70656    1825580    dwgm    1809     9.71276e-11  2.46095e-9   9.90108e-8   0    1.76194
  46 │ ND/nd24k                  72000    28715634   cg      8862     7.16355e-8   7.16327e-8   9.86548e-8   0    89.9954
  47 │ ND/nd24k                  72000    28715634   cr      8951     1.70032e-9   1.70292e-9   9.98387e-8   0    90.8476
  48 │ ND/nd24k                  72000    28715634   dwgm    8976     1.69241e-9   4.76398e-6   9.99833e-8   0    92.1305
  49 │ GHS_psdef/oilpan          73752    2148558    cg      54024    9.93228e-8   7.35745e-7   7.20611e-10  0    69.4406
  50 │ GHS_psdef/oilpan          73752    2148558    cr      48981    9.96279e-8   7.15605e-7   1.46339e-9   0    64.9903
  51 │ GHS_psdef/oilpan          73752    2148558    dwgm    50965    9.95795e-8   1.1016       2.56425e-8   0    71.9744
  52 │ Mulvey/finan512           74752    596992     cg      54       9.05254e-8   9.05254e-8   3.85669e-8   0    0.0246723
  53 │ Mulvey/finan512           74752    596992     cr      53       9.09996e-8   9.09996e-8   8.9574e-8    0    0.025619
  54 │ Mulvey/finan512           74752    596992     dwgm    53       9.09996e-8   4.81766e-7   8.9574e-8    0    0.0300531
  55 │ GHS_psdef/apache1         80800    542184     cg      578      8.30448e-8   8.32733e-8   1.64855e-10  0    0.262692
  56 │ GHS_psdef/apache1         80800    542184     cr      528      8.86258e-8   8.86248e-8   1.77219e-9   0    0.254721
  57 │ GHS_psdef/apache1         80800    542184     dwgm    529      8.81432e-8   6.24138e-6   1.98288e-9   0    0.304191
  58 │ MaxPlanck/shallow_water1  81920    327680     cg      35       4.65138e-8   2.09808e-5   1.55431e-15  0    0.0151016
  59 │ MaxPlanck/shallow_water1  81920    327680     cr      35       6.03944e-8   1.90735e-5   1.55431e-15  0    0.0162317
  60 │ MaxPlanck/shallow_water1  81920    327680     dwgm    35       6.03944e-8   0.00199276   2.66454e-15  0    0.019403
  61 │ MaxPlanck/shallow_water2  81920    327680     cg      65       7.20699e-8   6.10352e-5   1.77636e-15  0    0.0273087
  62 │ MaxPlanck/shallow_water2  81920    327680     cr      66       5.65636e-8   6.10352e-5   1.77636e-15  0    0.0296977
  63 │ MaxPlanck/shallow_water2  81920    327680     dwgm    66       5.65636e-8   0.00908259   4.88498e-15  0    0.0358168
  64 │ Schmid/thermal1           82654    574458     cg      48       2.68044e-8   2.68044e-8   7.74632e-8   0    0.0460336
  65 │ Schmid/thermal1           82654    574458     cr      49       2.89307e-8   2.89307e-8   8.30476e-8   0    0.0488419
  66 │ Schmid/thermal1           82654    574458     dwgm    49       2.89307e-8   1.10976e-7   8.30476e-8   0    0.0535721
  67 │ Williams/consph           83334    6010480    cg      14884    9.27152e-8   9.25811e-8   9.99868e-8   0    31.3101
  68 │ Williams/consph           83334    6010480    cr      14787    9.59829e-9   9.59862e-9   9.99355e-8   0    31.6817
  69 │ Williams/consph           83334    6010480    dwgm    14822    9.5964e-9    1.49972e-5   9.99296e-8   0    33.5934
  70 │ Botonakis/thermomech_TC   102158   711558     cg      78       4.1917e-11   4.1917e-11   8.47505e-8   0    0.0842988
  71 │ Botonakis/thermomech_TC   102158   711558     cr      80       4.31461e-11  4.31461e-11  9.50351e-8   0    0.0898134
  72 │ Botonakis/thermomech_TC   102158   711558     dwgm    80       4.31461e-11  1.61723e-10  9.50351e-8   0    0.0997178
  73 │ Botonakis/thermomech_TK   102158   711558     cg      58       7.17291e-8   7.17292e-8   3.3727e-9    0    0.0637789
  74 │ Botonakis/thermomech_TK   102158   711558     cr      57       8.2625e-8    8.2625e-8    7.24724e-9   0    0.0647497
  75 │ Botonakis/thermomech_TK   102158   711558     dwgm    57       8.2625e-8    6.31017e-7   7.24724e-9   0    0.0715892
  76 │ Rothberg/cfd2             123440   3085406    cg      7023     2.1377e-11   2.13652e-11  9.98871e-8   0    10.2098
  77 │ Rothberg/cfd2             123440   3085406    cr      7225     1.17681e-12  1.16951e-12  9.99162e-8   0    10.7639
  78 │ Rothberg/cfd2             123440   3085406    dwgm    7227     1.16974e-12  1.75502e-9   9.99448e-8   0    11.819
  79 │ Oberwolfach/boneS01       127224   5516602    cg      2712     8.61894e-8   8.61273e-8   7.29708e-10  0    7.16359
  80 │ Oberwolfach/boneS01       127224   5516602    cr      2665     9.59162e-8   9.59308e-8   9.12628e-9   0    7.25844
  81 │ Oberwolfach/boneS01       127224   5516602    dwgm    2666     9.7635e-8    0.000182372  9.23463e-9   0    7.71467
  82 │ UTEP/Dubcova3             146689   3636643    cg      733445   6.3702e-8    6.37024e-8   2.87855e-5   1    1310.34
  83 │ UTEP/Dubcova3             146689   3636643    cr      733445   1.64932e-12  1.79612e-12  1.56914e-7   1    1362.35
  84 │ UTEP/Dubcova3             146689   3636643    dwgm    733445   2.87893e-5   4.99002      0.338162     1    1505.44
  85 │ AMD/G2_circuit            150102   726674     cg      9683     6.7882e-8    6.78656e-8   9.90243e-8   0    8.06728
  86 │ AMD/G2_circuit            150102   726674     cr      9998     1.2072e-9    1.20721e-9   9.99635e-8   0    8.5873
  87 │ AMD/G2_circuit            150102   726674     dwgm    10013    1.20627e-9   2.10696e-5   9.98934e-8   0    10.4833
  88 │ Botonakis/thermomech_dM   204316   1423116    cg      78       8.38339e-14  8.38339e-14  8.47505e-8   0    0.146176
  89 │ Botonakis/thermomech_dM   204316   1423116    cr      80       8.62923e-14  8.62923e-14  9.50351e-8   0    0.157626
  90 │ Botonakis/thermomech_dM   204316   1423116    dwgm    80       8.62923e-14  4.57423e-13  9.50351e-8   0    0.179076
  91 │ GHS_psdef/hood            220542   9895422    cg      34934    9.94822e-8   2.83122e-6   3.41451e-11  0    162.026
  92 │ GHS_psdef/hood            220542   9895422    cr      32375    9.98896e-8   2.29478e-6   9.32236e-10  0    154.137
  93 │ GHS_psdef/hood            220542   9895422    dwgm    32447    9.98817e-8   0.602878     1.2631e-9    0    164.451
  94 │ INPRO/msdoor              415863   19173163   cg      143967   9.91997e-8   3.65824e-6   6.98136e-10  0    1325.78
  95 │ INPRO/msdoor              415863   19173163   cr      132352   9.99533e-8   3.72529e-6   1.24642e-8   0    1244.69
  96 │ INPRO/msdoor              415863   19173163   dwgm    132617   9.99753e-8   1.57091      1.31402e-8   0    1352.4
  97 │ Schenk_AFE/af_0_k101      503625   17550675   cg      2518125  0.0266907    0.0266908    4.01819e-6   1    21477.3
  98 │ Schenk_AFE/af_0_k101      503625   17550675   cr      486577   9.99976e-8   5.47245e-6   7.18618e-8   0    4264.59
  99 │ Schenk_AFE/af_0_k101      503625   17550675   dwgm    2518125  1.28856      1.54335e6    0.294979     1    24663.1
 100 │ Schenk_AFE/af_1_k101      503625   17550675   cg      599740   9.95633e-8   6.35441e-6   1.91725e-8   0    5001.85
 101 │ Schenk_AFE/af_1_k101      503625   17550675   cr      2518125  2.23366e-15  9.19041e-6   1.21919e-7   1    21568.4
 102 │ Schenk_AFE/af_1_k101      503625   17550675   dwgm    2518125  2.80562      4.09921e6    0.274363     1    23777.1
 103 │ Schenk_AFE/af_2_k101      503625   17550675   cg      2518125  641.138      641.138      0.938912     1    20610.4
 104 │ Schenk_AFE/af_2_k101      503625   17550675   cr      2518125  0.00322732   0.00322479   0.000580659  1    21737.2
 105 │ Schenk_AFE/af_2_k101      503625   17550675   dwgm    2518125  4.23346      297381.0     0.760918     1    23684.0
 106 │ Schenk_AFE/af_3_k101      503625   17550675   cg      573968   9.5296e-8    1.41202e-5   3.73373e-8   0    4741.36
 107 │ Schenk_AFE/af_3_k101      503625   17550675   cr      428929   9.99889e-8   7.02019e-6   1.88017e-8   0    3639.91
 108 │ Schenk_AFE/af_3_k101      503625   17550675   dwgm    2518125  6.26778      2.61494e6    0.388913     1    23717.2
 109 │ Schenk_AFE/af_4_k101      503625   17550675   cg      865973   9.58549e-8   1.14909e-5   8.23805e-8   0    7197.16
 110 │ Schenk_AFE/af_4_k101      503625   17550675   cr      2518125  1.89255e-8   4.9483e-5    3.49867e-7   1    21445.7
 111 │ Schenk_AFE/af_4_k101      503625   17550675   dwgm    2518125  3.96674      4.8884e6     0.433515     1    23763.6
 112 │ Schenk_AFE/af_5_k101      503625   17550675   cg      449742   9.65801e-8   9.47621e-7   5.41227e-9   0    3703.89
 113 │ Schenk_AFE/af_5_k101      503625   17550675   cr      379801   9.99767e-8   1.85752e-6   3.2082e-8    0    3246.2
 114 │ Schenk_AFE/af_5_k101      503625   17550675   dwgm    2518125  4.34006      1.03229e7    0.339834     1    23944.9
 115 │ Schenk_AFE/af_shell3      504855   17562051   cg      4957     9.61948e-8   9.74978e-8   9.22928e-12  0    43.3191
 116 │ Schenk_AFE/af_shell3      504855   17562051   cr      4132     9.71615e-8   9.94478e-8   4.24829e-9   0    36.416
 117 │ Schenk_AFE/af_shell3      504855   17562051   dwgm    4166     9.7681e-8    0.000906418  3.7224e-9    0    40.4324
 118 │ Schenk_AFE/af_shell4      504855   17562051   cg      4957     9.61948e-8   9.74978e-8   9.22928e-12  0    41.4541
 119 │ Schenk_AFE/af_shell4      504855   17562051   cr      4132     9.71615e-8   9.94478e-8   4.24829e-9   0    35.5362
 120 │ Schenk_AFE/af_shell4      504855   17562051   dwgm    4166     9.7681e-8    0.000906418  3.7224e-9    0    39.3502
 121 │ Schenk_AFE/af_shell7      504855   17579155   cg      4951     9.05699e-8   8.73406e-8   9.78773e-12  0    42.5565
 122 │ Schenk_AFE/af_shell7      504855   17579155   cr      4115     9.73549e-8   9.66611e-8   4.30278e-9   0    36.2251
 123 │ Schenk_AFE/af_shell7      504855   17579155   dwgm    4146     9.75107e-8   0.000931801  3.9964e-9    0    40.1399
 124 │ Schenk_AFE/af_shell8      504855   17579155   cg      4951     9.05699e-8   8.73406e-8   9.78773e-12  0    42.1682
 125 │ Schenk_AFE/af_shell8      504855   17579155   cr      4115     9.73549e-8   9.66611e-8   4.30278e-9   0    35.8903
 126 │ Schenk_AFE/af_shell8      504855   17579155   dwgm    4146     9.75107e-8   0.000931801  3.9964e-9    0    39.6955
 127 │ Wissgott/parabolic_fem    525825   3674625    cg      1162     8.6475e-11   8.64749e-11  9.95627e-8   0    4.37488
 128 │ Wissgott/parabolic_fem    525825   3674625    cr      1254     2.68653e-12  2.68569e-12  9.88809e-8   0    4.99868
 129 │ Wissgott/parabolic_fem    525825   3674625    dwgm    1254     2.68653e-12  3.93809e-10  9.88795e-8   0    6.11696
 130 │ Janna/Fault_639           638802   27245944   cg      753553   9.36285e-8   629.5        6.37268e-12  0    10256.8
 131 │ Janna/Fault_639           638802   27245944   cr      689956   9.99898e-8   688.5        1.10378e-11  0    9706.52
 132 │ Janna/Fault_639           638802   27245944   dwgm    3194010  9.95725e-23  3.69927e14   0.0236934    1    47893.7
 133 │ GHS_psdef/apache2         715176   4817870    cg      527      8.25698e-8   8.26021e-8   1.39032e-10  0    2.74353
 134 │ GHS_psdef/apache2         715176   4817870    cr      477      9.88861e-8   9.88903e-8   1.99061e-9   0    2.65403
 135 │ GHS_psdef/apache2         715176   4817870    dwgm    477      9.90191e-8   1.06483e-5   1.99128e-9   0    3.28245
 136 │ CEMW/tmt_sym              726713   5080961    cg      108      4.9182e-8    4.9182e-8    9.28015e-8   0    0.818872
 137 │ CEMW/tmt_sym              726713   5080961    cr      110      1.78192e-8   1.78192e-8   9.28343e-8   0    0.877471
 138 │ CEMW/tmt_sym              726713   5080961    dwgm    110      1.91798e-8   1.24362e-7   9.98752e-8   0    1.02185
 139 │ Oberwolfach/boneS10       914898   40878708   cg      42693    7.92053e-9   8.13816e-9   9.99584e-8   0    1034.54
 140 │ Oberwolfach/boneS10       914898   40878708   cr      43035    2.38454e-9   2.43256e-9   9.99909e-8   0    1065.39
 141 │ Oberwolfach/boneS10       914898   40878708   dwgm    43040    2.3735e-9    0.00135928   9.99448e-8   0    1150.94
 142 │ GHS_psdef/ldoor           952203   42493817   cg      44143    8.97757e-8   2.04146e-6   3.57798e-11  0    982.344
 143 │ GHS_psdef/ldoor           952203   42493817   cr      39560    9.99591e-8   1.61212e-6   3.00819e-9   0    920.122
 144 │ GHS_psdef/ldoor           952203   42493817   dwgm    39742    9.99361e-8   0.298813     3.08879e-9   0    991.967
 145 │ Oberwolfach/bone010       986703   47851783   cg      16803    5.95432e-8   5.95401e-8   9.86456e-8   0    487.051
 146 │ Oberwolfach/bone010       986703   47851783   cr      17652    5.04238e-11  6.14818e-10  9.98424e-8   0    527.581
 147 │ Oberwolfach/bone010       986703   47851783   dwgm    17357    4.3314e-11   0.0363954    9.89698e-8   0    552.68
 148 │ McRae/ecology2            999999   4995991    cg      5952     3.54827e-9   3.54815e-9   9.9054e-8    0    42.5252
 149 │ McRae/ecology2            999999   4995991    cr      6038     1.80174e-10  1.80212e-10  9.97118e-8   0    47.925
 150 │ McRae/ecology2            999999   4995991    dwgm    6038     1.80175e-10  4.29692e-7   9.97229e-8   0    59.0257
 151 │ Schmid/thermal2           1228045  8580313    cg      56       2.24685e-8   2.24685e-8   8.34421e-8   0    1.00427
 152 │ Schmid/thermal2           1228045  8580313    cr      57       2.57397e-8   2.57397e-8   9.57673e-8   0    1.08882
 153 │ Schmid/thermal2           1228045  8580313    dwgm    57       2.57397e-8   1.17123e-7   9.57673e-8   0    1.20814
 154 │ Janna/Serena              1391349  64131971   cg      88248    8.77067e-8   1.82642      2.53131e-13  0    2861.78
 155 │ Janna/Serena              1391349  64131971   cr      84551    9.98312e-8   2.16846      1.32283e-12  0    2843.25
 156 │ Janna/Serena              1391349  64131971   dwgm    6956745  NaN          NaN          NaN          1    2.95229e5
 157 │ Janna/Geo_1438            1437960  60236322   cg      80531    9.49531e-8   0.27832      1.89672e-11  0    2514.96
 158 │ Janna/Geo_1438            1437960  60236322   cr      73327    9.99607e-8   0.348877     1.71516e-11  0    2377.48
 159 │ Janna/Geo_1438            1437960  60236322   dwgm    7189800  NaN          NaN          NaN          1    2.56001e5
 160 │ Janna/Hook_1498           1498023  59374451   cg      9145     9.97564e-8   1.00583e-7   1.73142e-11  0    292.896
 161 │ Janna/Hook_1498           1498023  59374451   cr      8831     8.08958e-8   8.02393e-8   5.22187e-8   0    288.233
 162 │ Janna/Hook_1498           1498023  59374451   dwgm    8843     9.9526e-8    0.000406348  8.83247e-8   0    318.177
 163 │ Janna/Flan_1565           1564794  114165372  cg      23314    9.71693e-8   5.75557e-7   4.58277e-10  0    1119.05
 164 │ Janna/Flan_1565           1564794  114165372  cr      20016    9.90022e-8   5.71832e-7   2.88034e-9   0    986.717
 165 │ Janna/Flan_1565           1564794  114165372  dwgm    20029    9.87726e-8   0.96237      3.42379e-9   0    1047.61
 166 │ AMD/G3_circuit            1585478  7660826    cg      14229    5.91815e-8   5.91099e-8   9.96115e-8   0    181.213
 167 │ AMD/G3_circuit            1585478  7660826    cr      14575    5.586e-10    5.58602e-10  9.99914e-8   0    195.222
 168 │ AMD/G3_circuit            1585478  7660826    dwgm    14613    5.58655e-10  0.000100176  9.99597e-8   0    257.837
 169 │ Boeing/bcsstk36           23052    1143140    cg      115260   3.87785      3.87786      1.26398      1    49.1835
 170 │ Boeing/bcsstk36           23052    1143140    cr      115260   0.00888392   0.00888392   1.27748      1    50.0787
 171 │ Boeing/bcsstk36           23052    1143140    dwgm    115260   0.00979087   0.69629      1.27913      1    52.4318
 172 │ Boeing/msc23052           23052    1142686    cg      115260   15.3208      15.3208      1.26442      1    50.9323
 173 │ Boeing/msc23052           23052    1142686    cr      115260   0.0355354    0.0355354    1.2777       1    51.6289
 174 │ Boeing/msc23052           23052    1142686    dwgm    115260   0.0395003    2.79849      1.27938      1    53.5398
 175 │ Boeing/crystm03           24696    583770     cg      103      1.43026e-21  1.43026e-21  8.33868e-8   0    0.026716
 176 │ Boeing/crystm03           24696    583770     cr      106      7.00495e-22  7.00495e-22  9.27171e-8   0    0.0284432
 177 │ Boeing/crystm03           24696    583770     dwgm    106      6.96086e-22  1.39811e-20  9.21659e-8   0    0.0302511
 178 │ TKK/smt                   25710    3749582    cg      128550   7719.35      7719.35      0.81304      1    214.092
 179 │ TKK/smt                   25710    3749582    cr      128550   4.4982       4.4982       0.835253     1    216.193
 180 │ TKK/smt                   25710    3749582    dwgm    128550   30.3606      16236.0      0.927943     1    218.331
 181 │ DNVS/thread               29736    4444880    cg      148680   1.22208e17   1.22208e17   85.7317      1    297.919
 182 │ DNVS/thread               29736    4444880    cr      148680   3.36849e12   3.36849e12   1.43547      1    301.004
 183 │ DNVS/thread               29736    4444880    dwgm    148680   3.25399e13   4.90761e15   1.76495      1    304.591
 184 │ DNVS/ship_001             34920    3896496    cg      174600   1.70057e9    1.70057e9    1.85612      1    373.084
 185 │ DNVS/ship_001             34920    3896496    cr      174600   2.97538e6    2.97538e6    1.8669       1    378.967
 186 │ DNVS/ship_001             34920    3896496    dwgm    174600   2.18365e7    4.08547e10   1.81377      1    384.321
 187 │ ND/nd12k                  36000    14220946   cg      180000   0.0422552    0.0422552    1.16551      1    1169.54
 188 │ ND/nd12k                  36000    14220946   cr      180000   0.00016619   0.00016619   0.421129     1    1175.6
 189 │ ND/nd12k                  36000    14220946   dwgm    180000   0.01826      26.6514      1.85941      1    1184.51
 190 │ Williams/pdb1HYS          36417    4344765    cg      182085   NaN          NaN          NaN          1    386.039
 191 │ Williams/pdb1HYS          36417    4344765    cr      182085   NaN          NaN          NaN          1    374.231
 192 │ Williams/pdb1HYS          36417    4344765    dwgm    182085   NaN          NaN          NaN          1    385.628
 193 │ GHS_psdef/obstclae        40000    197608     cg      1        6.21725e-15  6.66134e-15  2.64233e-14  0    0.000572725
 194 │ GHS_psdef/obstclae        40000    197608     cr      1        1.45439e-14  1.5099e-14   6.79456e-14  0    0.000728492
 195 │ GHS_psdef/obstclae        40000    197608     dwgm    1        9.15934e-15  1.59841e-12  4.08562e-14  0    0.00064437
 196 │ GHS_psdef/torsion1        40000    197608     cg      1        6.21725e-15  6.66134e-15  2.64233e-14  0    0.000570429
 197 │ GHS_psdef/torsion1        40000    197608     cr      1        1.45439e-14  1.5099e-14   6.79456e-14  0    0.000732275
 198 │ GHS_psdef/torsion1        40000    197608     dwgm    1        9.15934e-15  1.59841e-12  4.08562e-14  0    0.000648087
 199 │ GHS_psdef/vanbody         47072    2329056    cg      235360   4.81075e7    4.81075e7    1.31737      1    269.279
 200 │ GHS_psdef/vanbody         47072    2329056    cr      235360   6614.43      6614.43      1.27005      1    277.974
 201 │ GHS_psdef/vanbody         47072    2329056    dwgm    235360   45908.4      4.30963e9    1.24579      1    288.379
 202 │ Boeing/ct20stif           52329    2600295    cg      261645   5289.97      5289.9       1.07044      1    366.003
 203 │ Boeing/ct20stif           52329    2600295    cr      261645   0.935279     0.935279     1.14115      1    371.048
 204 │ Boeing/ct20stif           52329    2600295    dwgm    261645   1.52703      23379.2      1.16593      1    387.203
 205 │ Castrillon/denormal       89400    1156224    cg      447000   1.01832e-11  1.47907e-10  29380.8      1    340.211
 206 │ Castrillon/denormal       89400    1156224    cr      447000   3.41744e-18  3.41805e-18  1.0          1    366.855
 207 │ Castrillon/denormal       89400    1156224    dwgm    447000   2.651e-18    1.30152e-5   31.7799      1    436.716
 208 │ GHS_psdef/s3dkq4m2        90449    4427725    cg      452245   0.0263329    0.0263329    2.96765      1    1116.49
 209 │ GHS_psdef/s3dkq4m2        90449    4427725    cr      452245   0.000167916  0.000167916  1.54833      1    1137.34
 210 │ GHS_psdef/s3dkq4m2        90449    4427725    dwgm    452245   0.000882037  1.84313e5    4.0831       1    1211.16
 211 │ GHS_psdef/s3dkt3m2        90449    3686223    cg      452245   0.0441634    0.0441634    3.95549      1    895.074
 212 │ GHS_psdef/s3dkt3m2        90449    3686223    cr      452245   0.000165355  0.000165355  1.84901      1    918.085
 213 │ GHS_psdef/s3dkt3m2        90449    3686223    dwgm    452245   0.00120076   983518.0     10.4179      1    991.023
 214 │ DNVS/m_t1                 97578    9753570    cg      487890   2.10648e10   2.10648e10   19.1472      1    2376.64
 215 │ DNVS/m_t1                 97578    9753570    cr      487890   4.56902e6    4.56902e6    3.73267      1    2411.13
 216 │ DNVS/m_t1                 97578    9753570    dwgm    487890   3.40217e7    7.13233e10   1.56647      1    2508.44
 217 │ Um/2cubes_sphere          101492   1647264    cg      507460   0.354349     0.354033     0.000287216  1    902.186
 218 │ Um/2cubes_sphere          101492   1647264    cr      507460   0.00049011   0.00146866   5.21226e-5   1    943.341
 219 │ Um/2cubes_sphere          101492   1647264    dwgm    507460   1.78528      5.54475e11   7.38535      1    1027.89
 220 │ DNVS/x104                 108384   8713602    cg      541920   130.027      130.027      3.01039      1    2754.23
 221 │ DNVS/x104                 108384   8713602    cr      541920   0.26683      0.26683      2.76171      1    2813.51
 222 │ DNVS/x104                 108384   8713602    dwgm    541920   20.3919      3.6174e5     3.93393      1    2928.55
 223 │ DNVS/shipsec8             114919   3303553    cg      574595   5.75133e9    5.75133e9    5.15254      1    2026.92
 224 │ DNVS/shipsec8             114919   3303553    cr      574595   2.74315e5    2.74315e5    3.74761      1    2079.01
 225 │ DNVS/shipsec8             114919   3303553    dwgm    574595   1.96996e7    3.20071e11   1.37738      1    2199.84
 226 │ DNVS/ship_003             121728   3777036    cg      608640   5.72511e12   5.72511e12   7.11334      1    2630.94
 227 │ DNVS/ship_003             121728   3777036    cr      608640   9.48921e9    9.48921e9    2.4901       1    2684.03
 228 │ DNVS/ship_003             121728   3777036    dwgm    608640   7.11315e10   1.4169e19    4.10794      1    2828.92
 229 │ DNVS/shipsec1             140874   3568176    cg      704370   2.29136e9    2.29136e9    5.96923      1    2992.25
 230 │ DNVS/shipsec1             140874   3568176    cr      704370   1.96855e6    1.96855e6    2.29122      1    3048.96
 231 │ DNVS/shipsec1             140874   3568176    dwgm    704370   4.22597e7    8.94328e12   1.58704      1    3269.13
 232 │ GHS_psdef/bmw7st_1        141347   7318399    cg      706735   6.42739e8    6.42739e8    1.69669      1    2953.73
 233 │ GHS_psdef/bmw7st_1        141347   7318399    cr      706735   1.86747e5    1.86747e5    1.31208      1    3014.1
 234 │ GHS_psdef/bmw7st_1        141347   7318399    dwgm    706735   8.36189e7    6.45243e15   11.136       1    3228.96
 235 │ GHS_psdef/bmwcra_1        148770   10641602   cg      743850   1301.53      1301.53      0.0223843    1    4198.94
 236 │ GHS_psdef/bmwcra_1        148770   10641602   cr      743850   0.288507     0.288507     0.0103718    1    4298.91
 237 │ GHS_psdef/bmwcra_1        148770   10641602   dwgm    743850   51.1572      7.32041e7    0.399129     1    4571.69
 238 │ DNVS/shipsec5             179860   4598604    cg      899300   16745.3      16745.1      1.22589      1    5000.62
 239 │ DNVS/shipsec5             179860   4598604    cr      899300   13.2862      13.2862      1.21337      1    5115.14
 240 │ DNVS/shipsec5             179860   4598604    dwgm    899300   13.2786      1.31713e6    1.21307      1    5504.48
 241 │ Boeing/pwtk               217918   11524432   cg      1089590  0.000971282  0.000974325  0.3036       1    7150.2
 242 │ Boeing/pwtk               217918   11524432   cr      1089590  1.62949e-5   1.62953e-5   0.386601     1    7361.19
 243 │ Boeing/pwtk               217918   11524432   dwgm    1089590  1.73714e-5   77.0758      0.412157     1    8011.28
 244 │ BenElechi/BenElechi1      245874   13150496   cg      1229370  0.00267666   0.00267666   0.0020038    1    8961.7
 245 │ BenElechi/BenElechi1      245874   13150496   cr      1229370  3.94869e-6   3.94876e-6   0.00265747   1    9181.8
 246 │ BenElechi/BenElechi1      245874   13150496   dwgm    1229370  0.00256974   2061.64      0.138228     1    10099.8
 247 │ Um/offshore               259789   4242673    cg      1298945  2.89384e13   2.89384e13   445.897      1    6534.57
 248 │ Um/offshore               259789   4242673    cr      1298945  1.91266e7    1.91266e7    1.81837      1    6813.32
 249 │ Um/offshore               259789   4242673    dwgm    1298945  3.38134e8    8.57929e15   1.84078      1    7695.09
 250 │ GHS_psdef/inline_1        503712   36816170   cg      2518560  36.4385      36.4385      0.010887     1    56659.3
 251 │ GHS_psdef/inline_1        503712   36816170   cr      2518560  0.0160341    0.0160341    0.0104063    1    51443.4
 252 │ GHS_psdef/inline_1        503712   36816170   dwgm    2518560  5.30534      1.25889e8    1.08277      1    56906.8
 253 │ Mazaheri/bundle_adj       513351   20207907   cg      2566755  1.17292e9    1.17292e9    4.209        1    33019.0
 254 │ Mazaheri/bundle_adj       513351   20207907   cr      2566755  11426.4      11426.4      1.95771      1    35171.9
 255 │ Mazaheri/bundle_adj       513351   20207907   dwgm    2566755  9.46507e6    5.08325e11   3.174        1    35716.3
 256 │ Janna/PFlow_742           742793   37138461   cg      3713965  34931.8      34931.8      5.01339      1    81044.4
 257 │ Janna/PFlow_742           742793   37138461   cr      3713965  3.87584      3.87584      2.53335      1    84711.6
 258 │ Janna/PFlow_742           742793   37138461   dwgm    3713965  228.193      5.00764e6    2.35142      1    91436.1
 259 │ Janna/Emilia_923          923136   40373538   cg      633156   9.59415e-8   49.6562      3.2363e-12   0    16748.8
 260 │ Janna/Emilia_923          923136   40373538   cr      539431   9.99835e-8   51.375       1.99274e-12  0    14798.6
 261 │ Janna/Emilia_923          923136   40373538   dwgm    4615680  7.7139e-54   5.8758e12    0.00359458   1    1.40425e5
 262 │ GHS_psdef/audikw_1        943695   77651847   cg      4718475  2.45631e7    2.45631e7    1.02048      1    225448.0
 263 │ GHS_psdef/audikw_1        943695   77651847   cr      4718475  273.397      273.397      0.524875     1    2.26714e5
 264 │ GHS_psdef/audikw_1        943695   77651847   dwgm    4718475  2.53701e5    1.2913e9     1.61679      1    2.40174e5
